internal
35044.4
35060.2
36698.6
37570.5
35011.3
36585.3
35117.9
35868.1
34167.8
36074.9
35564.9
36948.3
37936.9
34253.3
34559.9
36616.0
36386.6
36464.0
36492.3
35059.1
35476.6
37087.1
35807.7
35780.5
36188.4
36724.1
35817.9
35757.0
36022.9
36211.7
36723.1
36694.0
37100.5
35960.1
37285.9
36756.6
35725.5
37582.1
36012.1
34743.2
36208.4
36823.7
36858.3
36448.5
36756.7
37316.4
35720.5
35825.3
36899.7
37404.6
37303.4
36219.4
36790.2
36643.0
36405.4
35796.5
36457.5
35726.1
35775.7
36398.8
36627.0
37578.1
35544.6
34994.5
35794.6
36446.0
36546.7
36198.1
36163.3
36530.0
36079.4
35596.5
35344.6
37352.7
35548.6
36718.3
36165.1
37969.9
35417.0
35890.0
34399.5
36374.3
37012.9
36273.0
35879.1
35630.2
32932.5
35960.2
37169.6
36777.3
36556.2
36635.8
35989.4
36557.1
36036.9
36447.2
36237.9
35395.8
35145.0
35702.5
