kcup
  28384.76
  27983.23
  28290.62
  28364.58
  27629.29
  29939.79
  28553.05
  29512.05
  28259.10
  28776.00
  26657.15
  28558.53
  27608.94
  29224.28
  25082.62
  28110.56
  27281.45
  27324.34
  28360.42
  27874.94
  27315.58
  28398.12
  27852.58
  27799.85
  28238.51
  27074.17
  27574.22
  27125.71
  27288.88
  27035.97
  27693.64
  28337.49
  26242.80
  27678.19
  28786.66
  27928.74
  26157.96
  27239.92
  27733.78
  27259.63
  26082.88
  27072.98
  27449.19
  26883.83
  27457.85
  28737.82
  28616.58
  27288.21
  27992.11
  27930.31
  27122.87
  27324.86
  26304.61
  26705.45
  26681.02
  26507.62
  27033.87
  28211.15
  28216.71
  26946.05
  28631.93
  27964.44
  26973.60
  27131.18
  27387.28
  26492.90
  27527.81
  29372.17
  28900.18
  29208.88
  28091.87
  31072.78
  29281.49
  27874.42
  29300.53
  29032.54
  28062.54
  28233.22
  27849.23
  28237.71
  29779.82
  29270.09
  28076.05
  30111.94
  29503.36
  27383.30
  29322.05
  28128.75
  27654.36
  29655.25
  29815.58
  28173.36
  28636.41
  29668.18
  28609.67
  28225.04
  29431.36
  28692.79
  27828.80
  27237.34
