miniserve
  10702.37
  10884.88
  10335.27
  10796.44
  10945.98
  10559.50
  10645.03
  11264.94
  11144.79
  10697.01
  11063.97
  11012.82
  10534.74
  11350.25
  10936.43
  10820.00
  10803.40
  11030.68
  10753.55
  11331.01
  11106.96
  10546.94
  11224.76
  11109.31
  10642.44
  11306.61
  10895.83
  10669.26
  11346.20
  10721.33
  10775.54
  11113.51
  10886.63
  10768.73
  10969.97
  10984.61
  10661.76
  11234.71
  10616.23
  10593.29
  10989.18
  10939.08
  10997.80
  10839.12
  10820.87
  10554.75
  10927.51
  11226.54
  10821.96
  10887.44
  10981.67
  10626.75
  10962.09
  11126.89
  10948.86
  11114.81
  11036.72
  10916.12
  11138.61
  10863.53
  10865.14
  11153.02
  10874.41
  10662.65
  10835.75
  10728.09
  10976.29
  10958.10
  10841.20
  11227.23
  10911.70
  10942.53
  10995.04
  10828.43
  10793.89
  10883.75
  10892.81
  10966.65
  10829.97
  10825.05
  11081.29
  10993.83
  10608.67
  11551.74
  10576.91
  10579.80
  11212.47
  10739.59
  10665.68
  10500.23
  10811.11
  10765.30
  10939.27
  10784.59
  10969.37
  11077.51
  10555.36
  10945.21
  11131.30
  10934.69
